data/topo.dat
NCOLS         951
NROWS         491
XLLCORNER     342354.83283296
YLLCORNER     4716276.7333355
CELLSIZE      5.0
NODATA_VALUE  -9999.0
[rows 390 to 419 of 491, columns 67 to 133 of 951]
1643.26 1643.94 1637.6 1631.05 1624.65 1618.06 1611.47 1605.52 1599.11 1594.06 1589.69 1589.29 1598.83 1604.85 1613.27 1617.46 1621.09 1626.67 1632.23 1637.23 1641.29 1643.31 1645.01 1647.15 1649.28 1652.67 1656.55 1659.07 1661.05 1663.03 1665.01 1666.99 1668.97 1671.47 1674.42 1677.71 1682.22 1686.01 1690.89 1695.76 1699.11 1700.96 1702.81 1704.66 1705.47 1705.48 1705.58 1706.06 1704.96 1703.84 1702.74 1703.28 1703.23 1702.07 1700.92 1699.76 1698.61 1697.82 1697.31 1696.76 1695.86 1695.24 1694.82 1694.28 1692.66 1690.39 1688.11
1634.45 1634.43 1628.13 1621.83 1615.5 1608.95 1602.4 1595.85 1589.47 1583.12 1579.22 1583.65 1591.4 1596.33 1602.12 1607.35 1611.94 1618.95 1624.28 1629.28 1634.32 1637.0 1639.19 1641.32 1643.46 1646.56 1649.82 1651.8 1653.77 1655.75 1657.73 1659.71 1661.69 1663.67 1666.29 1669.24 1673.53 1678.05 1682.41 1686.76 1690.76 1692.82 1694.68 1696.53 1696.98 1697.02 1697.86 1699.6 1698.09 1697.31 1698.06 1698.8 1698.96 1697.99 1696.84 1695.68 1694.53 1693.83 1693.3 1692.79 1692.03 1691.41 1690.95 1690.16 1688.77 1685.55 1683.06
1624.99 1624.72 1618.51 1612.31 1606.01 1599.71 1593.39 1586.84 1580.29 1573.74 1574.66 1578.44 1583.97 1588.79 1592.13 1597.07 1603.61 1611.33 1616.37 1622.05 1627.88 1631.01 1633.4 1635.76 1638.12 1640.56 1642.54 1644.52 1646.5 1648.48 1650.45 1652.43 1654.41 1656.39 1658.37 1661.11 1664.85 1669.36 1673.78 1677.77 1681.76 1684.69 1686.54 1688.39 1688.48 1688.71 1690.44 1692.18 1693.83 1692.82 1693.58 1694.31 1694.66 1693.9 1692.75 1691.6 1690.53 1689.83 1689.3 1688.79 1688.19 1687.6 1686.81 1685.61 1684.4 1681.72 1680.48
1615.15 1614.94 1608.81 1602.48 1596.18 1589.97 1583.77 1577.56 1571.29 1566.81 1570.41 1574.06 1577.65 1581.47 1588.5 1595.44 1601.29 1605.75 1612.02 1617.47 1622.11 1625.53 1628.67 1631.32 1633.98 1635.17 1635.01 1636.09 1638.6 1641.1 1643.18 1645.16 1647.14 1649.11 1651.09 1653.07 1656.16 1660.67 1664.79 1668.78 1672.77 1676.55 1678.4 1679.98 1680.02 1681.29 1683.02 1684.76 1686.5 1688.36 1689.09 1689.83 1690.43 1689.59 1688.67 1687.52 1686.54 1685.84 1685.3 1684.79 1684.28 1683.44 1682.23 1681.02 1679.81 1677.9 1677.84
1604.6 1605.38 1599.31 1593.24 1587.17 1581.12 1575.07 1569.03 1562.72 1568.83 1572.97 1577.98 1582.16 1587.31 1593.01 1598.36 1602.53 1606.01 1610.04 1613.44 1616.46 1620.74 1624.41 1627.4 1630.42 1630.67 1630.4 1630.19 1630.3 1631.24 1633.75 1636.25 1638.76 1641.26 1643.77 1645.79 1647.8 1651.8 1655.8 1659.79 1663.78 1667.77 1670.27 1671.49 1672.13 1673.87 1675.6 1678.76 1682.45 1684.54 1684.61 1685.35 1686.09 1685.28 1684.53 1683.43 1682.55 1681.85 1681.29 1680.78 1680.51 1679.38 1677.85 1676.43 1675.22 1674.02 1675.15
1593.12 1596.55 1590.57 1584.7 1578.83 1572.96 1567.09 1561.22 1555.35 1570.35 1579.24 1583.87 1588.21 1592.11 1593.55 1595.43 1598.8 1602.51 1605.15 1607.26 1609.12 1613.91 1618.74 1623.22 1626.05 1625.99 1625.93 1625.7 1625.43 1625.12 1625.58 1626.39 1628.9 1631.4 1633.9 1636.41 1638.91 1642.81 1646.8 1650.79 1654.79 1658.78 1662.13 1663.01 1664.71 1667.44 1671.23 1675.14 1679.14 1681.41 1681.52 1681.24 1681.6 1680.98 1680.22 1679.35 1678.56 1677.86 1677.29 1677.04 1677.01 1675.88 1674.33 1672.78 1671.25 1669.78 1672.49
1581.73 1586.27 1583.11 1577.37 1571.64 1565.93 1560.36 1554.79 1549.8 1561.79 1571.91 1578.31 1582.35 1586.39 1588.53 1590.11 1593.54 1596.29 1598.89 1601.26 1602.7 1604.93 1610.18 1616.21 1619.81 1620.6 1621.05 1620.99 1620.93 1620.73 1620.44 1620.13 1620.66 1621.54 1624.04 1626.55 1629.83 1633.82 1637.81 1641.81 1645.8 1649.79 1653.78 1656.14 1660.14 1664.17 1668.21 1672.25 1676.16 1678.68 1679.47 1678.92 1677.91 1676.09 1675.07 1674.31 1673.73 1672.89 1672.62 1673.09 1673.47 1672.38 1670.83 1669.28 1667.68 1665.99 1670.74
1571.71 1574.67 1576.7 1571.3 1565.76 1560.23 1554.69 1549.16 1544.77 1555.78 1563.87 1568.67 1572.71 1576.76 1580.8 1584.84 1587.43 1590.03 1592.62 1595.22 1596.67 1598.05 1600.73 1607.04 1612.06 1613.14 1614.22 1615.3 1615.87 1616.0 1615.94 1615.76 1615.45 1615.14 1615.57 1616.86 1621.25 1625.87 1630.5 1635.12 1639.74 1644.37 1648.99 1653.24 1657.45 1661.42 1665.39 1669.39 1671.94 1672.17 1672.69 1671.67 1669.38 1668.54 1667.52 1668.27 1667.73 1667.05 1667.04 1667.63 1668.3 1668.52 1666.77 1665.02 1663.26 1663.25 1669.38
1561.8 1565.74 1566.73 1565.14 1559.77 1554.41 1549.04 1543.67 1539.53 1549.0 1554.99 1559.03 1563.07 1567.48 1573.14 1578.44 1581.76 1583.76 1586.36 1588.95 1591.0 1592.18 1593.58 1598.15 1604.3 1605.39 1606.47 1607.55 1608.63 1609.71 1610.63 1610.92 1610.94 1610.78 1610.74 1613.8 1618.04 1622.89 1627.52 1632.14 1636.76 1641.39 1646.0 1650.23 1654.4 1658.75 1662.9 1664.2 1662.41 1662.64 1662.93 1662.57 1660.85 1660.99 1660.02 1662.17 1661.73 1661.42 1661.48 1662.19 1662.61 1662.45 1661.42 1659.72 1658.13 1662.57 1668.42
1552.99 1555.1 1556.08 1557.05 1553.58 1548.21 1542.84 1537.6 1534.13 1541.31 1545.35 1550.82 1556.55 1562.01 1567.31 1572.6 1576.5 1578.68 1580.64 1582.69 1585.3 1586.42 1588.19 1590.51 1596.55 1597.63 1598.71 1599.8 1600.88 1601.96 1603.04 1604.13 1605.21 1605.74 1609.41 1611.97 1615.77 1619.75 1624.54 1629.16 1633.78 1638.41 1642.95 1647.23 1651.4 1655.57 1658.98 1656.63 1655.16 1653.11 1653.1 1653.36 1652.77 1653.44 1654.05 1656.07 1655.73 1655.8 1655.97 1656.61 1656.87 1656.32 1655.9 1654.36 1656.48 1660.16 1664.57
1543.48 1544.45 1545.43 1546.4 1547.38 1542.02 1536.93 1532.02 1528.44 1534.17 1539.89 1545.59 1550.88 1556.17 1561.47 1566.76 1571.38 1573.46 1575.61 1577.58 1579.47 1581.29 1583.08 1584.87 1588.75 1589.88 1590.96 1592.04 1593.13 1594.38 1595.82 1597.26 1598.7 1601.61 1607.01 1610.69 1613.78 1617.75 1621.72 1626.18 1630.8 1635.43 1639.93 1644.22 1648.39 1652.66 1654.2 1651.49 1647.98 1645.06 1643.27 1643.87 1644.95 1645.88 1648.09 1649.97 1649.79 1650.17 1650.49 1650.89 1650.91 1650.32 1650.21 1649.97 1653.65 1657.32 1661.0
1532.82 1533.8 1534.77 1535.75 1537.33 1535.99 1530.97 1525.93 1523.23 1528.96 1534.45 1539.75 1545.04 1550.34 1555.63 1560.92 1566.22 1568.18 1570.42 1572.53 1574.46 1576.22 1577.99 1579.76 1581.72 1582.99 1584.34 1585.69 1587.11 1588.53 1589.95 1591.37 1592.79 1597.28 1603.38 1608.75 1611.93 1615.76 1619.73 1623.7 1627.84 1632.45 1636.91 1641.21 1645.61 1649.05 1650.29 1647.48 1644.14 1640.09 1637.37 1636.7 1637.85 1639.76 1642.13 1643.87 1644.17 1644.55 1644.93 1645.14 1644.79 1644.62 1644.51 1647.15 1650.22 1654.16 1658.16
1522.3 1524.18 1526.06 1528.17 1529.43 1529.18 1524.65 1519.75 1518.03 1523.32 1528.62 1533.91 1539.2 1544.5 1549.79 1555.09 1560.38 1562.97 1565.14 1567.3 1569.29 1571.28 1573.28 1575.27 1577.26 1579.26 1580.21 1581.16 1582.18 1583.32 1584.67 1586.01 1587.33 1592.99 1599.21 1605.24 1610.49 1613.76 1617.73 1621.7 1625.68 1629.73 1634.19 1638.35 1642.35 1645.45 1646.95 1644.65 1640.57 1636.27 1632.51 1631.22 1632.55 1634.63 1635.78 1637.49 1638.4 1638.92 1639.2 1639.23 1639.02 1638.79 1639.59 1643.2 1647.17 1650.47 1654.21
1514.8 1516.68 1519.02 1521.0 1520.92 1520.84 1517.98 1513.29 1512.95 1518.3 1522.96 1528.07 1533.37 1538.66 1543.95 1549.25 1554.54 1557.82 1559.86 1562.35 1564.83 1566.82 1568.81 1570.81 1572.8 1574.8 1576.57 1577.5 1578.39 1579.35 1580.32 1581.36 1584.5 1590.36 1595.86 1601.34 1607.48 1611.89 1615.74 1619.71 1623.46 1627.28 1630.03 1632.78 1636.7 1641.55 1644.73 1640.19 1636.36 1632.53 1628.35 1625.75 1627.43 1628.39 1629.16 1630.61 1631.34 1631.94 1632.35 1632.62 1632.65 1632.51 1634.81 1638.92 1642.49 1646.36 1650.42
1507.42 1509.87 1512.58 1512.5 1512.42 1512.34 1511.03 1506.64 1508.69 1513.82 1518.77 1524.11 1528.97 1533.21 1538.12 1543.41 1548.7 1552.79 1554.77 1557.27 1559.86 1562.36 1564.36 1566.35 1568.34 1570.34 1572.34 1573.86 1574.79 1575.68 1576.57 1579.35 1583.18 1587.72 1593.23 1598.73 1604.22 1609.67 1613.02 1616.38 1619.57 1622.34 1624.45 1627.21 1630.31 1635.49 1641.2 1635.71 1631.89 1628.06 1624.23 1620.39 1621.0 1621.77 1622.54 1623.55 1624.04 1624.42 1624.81 1625.19 1625.37 1625.46 1629.28 1633.84 1638.21 1641.8 1645.56
1502.51 1503.51 1504.08 1504.0 1503.92 1503.83 1503.75 1499.85 1504.83 1510.24 1515.94 1520.76 1525.16 1529.93 1534.98 1539.22 1543.45 1547.76 1550.07 1552.39 1554.84 1557.36 1559.9 1561.89 1563.88 1565.88 1567.89 1569.89 1571.14 1572.07 1574.08 1577.12 1581.11 1585.11 1589.92 1595.45 1600.77 1604.39 1607.71 1611.04 1613.94 1615.93 1618.86 1621.84 1624.39 1629.1 1630.94 1631.0 1626.9 1623.11 1619.44 1616.68 1614.13 1614.95 1615.77 1616.28 1616.53 1616.88 1617.26 1617.65 1618.01 1618.9 1625.54 1629.44 1633.29 1637.39 1640.32
1497.95 1497.21 1496.85 1496.49 1496.13 1495.77 1495.41 1497.87 1502.58 1507.68 1512.62 1517.5 1523.2 1527.7 1532.1 1536.51 1541.0 1543.64 1545.84 1548.04 1550.24 1552.52 1554.9 1557.43 1559.42 1561.42 1563.43 1565.43 1567.42 1569.58 1572.18 1574.61 1578.47 1582.47 1586.78 1591.45 1595.1 1598.97 1602.37 1605.7 1608.73 1609.94 1612.24 1615.23 1618.21 1621.06 1623.3 1625.47 1622.13 1618.49 1615.73 1612.96 1610.2 1608.04 1608.86 1609.32 1609.56 1609.81 1610.05 1610.3 1610.55 1613.36 1620.06 1626.54 1630.5 1633.04 1633.16
1492.47 1492.41 1492.16 1491.89 1491.59 1491.24 1493.91 1497.92 1501.18 1505.7 1510.61 1515.71 1520.41 1525.12 1530.24 1534.64 1537.69 1539.93 1542.23 1544.36 1546.49 1548.63 1550.76 1552.89 1555.03 1557.31 1559.58 1561.86 1564.48 1567.32 1569.9 1572.71 1575.86 1579.84 1583.84 1586.52 1589.62 1593.3 1597.03 1600.36 1603.52 1604.73 1606.4 1608.61 1611.59 1614.42 1617.22 1619.74 1617.54 1614.78 1612.01 1609.25 1606.49 1603.72 1601.95 1602.37 1602.61 1602.85 1603.09 1603.34 1603.58 1608.42 1615.79 1622.32 1625.91 1626.09 1626.18
1487.62 1486.39 1484.6 1484.8 1485.15 1489.27 1494.98 1498.61 1501.87 1505.13 1508.87 1513.73 1518.71 1523.5 1528.2 1531.7 1533.97 1536.17 1538.47 1540.85 1543.08 1545.21 1547.34 1549.47 1551.61 1553.95 1556.23 1558.76 1561.68 1564.5 1567.48 1570.34 1573.3 1576.88 1579.47 1582.07 1584.79 1587.79 1591.5 1595.02 1598.31 1599.52 1600.74 1602.56 1604.97 1607.77 1610.69 1613.74 1613.55 1610.79 1608.04 1605.28 1602.52 1599.76 1596.73 1595.68 1596.11 1596.42 1596.67 1596.93 1597.19 1603.74 1611.15 1617.92 1618.61 1619.07 1619.22
1480.95 1479.33 1476.53 1480.01 1485.27 1490.49 1496.03 1499.29 1502.56 1505.82 1509.08 1512.35 1516.87 1521.76 1525.88 1527.72 1530.17 1532.46 1534.65 1537.01 1539.39 1541.76 1543.93 1546.06 1548.19 1550.57 1552.99 1555.84 1558.74 1561.77 1564.66 1567.65 1570.33 1572.64 1575.09 1577.71 1580.34 1583.08 1585.96 1589.68 1593.04 1594.32 1595.53 1596.88 1599.08 1601.91 1605.0 1608.05 1608.85 1606.48 1603.72 1600.96 1598.21 1595.38 1590.7 1589.51 1589.89 1590.26 1590.68 1591.13 1591.75 1598.07 1605.05 1610.27 1611.18 1611.95 1612.22
1473.89 1472.27 1475.85 1480.95 1486.05 1491.16 1495.93 1499.35 1502.81 1506.27 1509.73 1513.03 1516.3 1520.0 1521.89 1523.75 1526.2 1528.65 1530.94 1533.17 1535.55 1537.93 1540.3 1542.64 1544.77 1547.15 1550.04 1552.92 1555.79 1558.83 1561.8 1563.92 1566.14 1568.42 1570.76 1573.32 1575.94 1578.63 1581.37 1584.16 1587.66 1589.11 1590.32 1592.59 1595.7 1598.31 1600.98 1603.66 1604.08 1601.81 1599.41 1596.65 1593.89 1589.45 1585.6 1583.92 1584.4 1584.89 1585.37 1585.86 1586.95 1592.78 1598.38 1602.52 1603.74 1604.64 1605.1
1469.35 1470.73 1473.89 1479.0 1484.1 1489.2 1493.9 1496.62 1500.07 1503.55 1507.04 1510.52 1513.99 1516.32 1517.92 1519.77 1522.22 1524.67 1527.12 1529.42 1531.71 1534.08 1536.46 1538.84 1541.22 1543.88 1546.87 1549.85 1552.84 1555.2 1557.55 1559.64 1561.86 1564.16 1566.54 1568.89 1571.55 1574.18 1576.92 1579.66 1582.4 1584.6 1586.73 1589.56 1593.04 1595.24 1597.54 1600.21 1599.58 1597.18 1594.82 1592.34 1588.5 1584.7 1580.91 1578.38 1578.86 1579.35 1579.83 1580.57 1582.08 1586.81 1591.66 1595.13 1596.11 1597.17 1597.98
1467.2 1470.36 1473.41 1477.04 1482.14 1487.24 1491.88 1494.22 1497.35 1500.78 1504.26 1507.75 1510.59 1512.39 1513.96 1515.79 1518.24 1520.69 1523.14 1525.59 1527.9 1530.25 1532.62 1535.0 1537.76 1540.65 1543.59 1546.24 1548.9 1550.89 1553.24 1555.35 1557.51 1559.9 1562.33 1564.66 1567.06 1569.78 1572.47 1575.26 1578.2 1581.05 1583.18 1586.54 1590.25 1593.0 1594.77 1595.47 1594.93 1593.1 1591.34 1588.19 1584.08 1580.02 1576.22 1572.84 1573.32 1574.0 1574.82 1575.64 1577.36 1582.18 1585.38 1588.21 1589.78 1590.29 1590.87
1466.69 1469.86 1473.02 1476.09 1480.19 1485.29 1489.85 1492.19 1494.8 1498.09 1501.52 1504.63 1506.43 1508.23 1510.02 1511.81 1514.26 1516.71 1519.16 1521.61 1524.06 1526.41 1528.78 1531.48 1534.45 1537.24 1539.65 1542.3 1544.96 1546.99 1548.93 1551.03 1553.18 1555.66 1558.11 1560.44 1562.78 1565.29 1568.17 1571.12 1574.06 1577.0 1579.8 1583.51 1587.23 1590.62 1591.32 1591.23 1591.14 1590.84 1588.83 1584.42 1580.31 1576.2 1572.09 1567.73 1568.14 1569.07 1569.92 1570.75 1572.81 1575.66 1578.51 1581.39 1583.47 1584.53 1591.51
1465.77 1469.15 1472.51 1475.68 1478.77 1483.33 1487.83 1490.17 1492.51 1495.52 1498.69 1500.48 1502.28 1504.08 1505.9 1507.86 1510.3 1512.74 1515.19 1517.64 1520.08 1522.53 1525.25 1528.3 1531.34 1533.94 1536.12 1538.36 1541.01 1543.28 1544.82 1546.85 1548.9 1551.3 1553.8 1556.25 1558.57 1560.93 1563.44 1566.38 1569.31 1572.25 1575.15 1580.19 1584.34 1586.35 1586.43 1586.51 1586.6 1586.69 1585.17 1580.65 1576.54 1572.43 1567.6 1562.75 1562.32 1563.28 1564.21 1565.16 1567.55 1571.52 1575.3 1577.28 1580.36 1585.72 1592.61
1464.6 1468.05 1471.51 1474.96 1478.33 1481.45 1485.81 1488.14 1490.48 1492.99 1494.88 1496.8 1498.72 1500.65 1502.57 1504.5 1506.68 1509.05 1511.44 1513.86 1516.31 1519.0 1522.12 1525.19 1528.24 1530.64 1532.9 1534.94 1537.07 1539.59 1541.07 1542.66 1544.82 1547.44 1550.16 1552.75 1554.56 1556.73 1559.09 1561.4 1564.33 1567.27 1570.21 1574.6 1579.87 1579.96 1579.91 1579.85 1579.79 1579.72 1579.66 1576.87 1572.31 1567.47 1562.68 1557.86 1556.32 1557.46 1558.42 1561.54 1566.81 1571.33 1575.85 1578.1 1581.34 1587.26 1593.45
1462.67 1466.24 1469.82 1473.39 1476.96 1480.53 1483.67 1485.76 1487.88 1489.74 1491.58 1493.51 1495.43 1497.35 1499.27 1501.2 1503.28 1505.52 1507.86 1510.24 1512.82 1515.87 1518.96 1522.08 1525.07 1527.33 1529.59 1531.85 1533.76 1535.78 1537.5 1539.56 1541.78 1544.39 1547.13 1549.23 1550.88 1552.83 1554.89 1557.16 1559.36 1562.3 1565.23 1568.48 1572.98 1572.91 1572.84 1572.77 1572.7 1572.6 1572.45 1572.31 1567.78 1563.03 1558.0 1552.94 1550.06 1553.34 1557.1 1561.43 1566.19 1571.14 1575.66 1578.93 1582.59 1588.22 1594.61
1460.89 1464.19 1467.77 1471.34 1474.91 1478.48 1481.24 1483.28 1484.86 1486.55 1488.37 1490.21 1492.13 1494.06 1495.98 1497.9 1499.93 1502.11 1504.35 1506.81 1509.86 1512.9 1515.94 1518.97 1521.85 1524.05 1526.29 1528.55 1530.75 1532.66 1534.61 1536.62 1538.75 1541.33 1544.06 1545.71 1547.36 1549.02 1550.99 1553.05 1555.21 1557.32 1560.26 1562.99 1565.82 1565.73 1565.59 1565.45 1565.3 1565.16 1565.05 1564.94 1563.11 1557.78 1552.61 1547.45 1547.6 1552.97 1557.05 1561.61 1565.97 1570.85 1575.47 1579.75 1583.13 1588.72 1595.14
1459.08 1462.46 1465.81 1469.29 1472.86 1476.43 1478.8 1480.44 1481.91 1483.41 1485.18 1487.01 1488.84 1490.76 1492.68 1494.6 1496.6 1498.7 1501.02 1503.77 1506.6 1509.64 1512.67 1515.7 1518.7 1521.26 1523.57 1525.82 1527.83 1529.79 1531.75 1533.71 1535.75 1538.28 1540.54 1542.19 1543.85 1545.5 1547.15 1549.16 1551.21 1553.27 1555.35 1558.03 1558.95 1558.84 1558.72 1558.61 1558.49 1558.38 1558.26 1558.15 1558.03 1553.77 1548.01 1541.4 1546.63 1552.0 1557.0 1561.5 1565.9 1570.35 1575.19 1579.8 1583.67 1589.28 1593.46
1457.25 1460.67 1464.01 1467.41 1470.81 1474.25 1475.79 1477.26 1478.96 1480.43 1482.03 1483.81 1485.64 1487.48 1489.39 1491.31 1493.27 1495.41 1498.08 1500.83 1503.57 1506.37 1509.4 1512.43 1515.46 1518.19 1520.67 1522.77 1524.83 1526.89 1528.88 1530.84 1532.81 1535.24 1537.02 1538.67 1540.33 1541.98 1543.63 1545.43 1547.32 1549.36 1551.32 1552.94 1552.02 1551.56 1551.43 1551.31 1551.18 1551.06 1550.93 1550.81 1550.68 1549.41 1541.88 1539.68 1544.85 1551.03 1556.4 1560.79 1565.92 1570.34 1574.84 1579.53 1584.21 1587.1 1589.52
