data/topo.dat
NCOLS         951
NROWS         491
XLLCORNER     342354.83283296
YLLCORNER     4716276.7333355
CELLSIZE      5.0
NODATA_VALUE  -9999.0
[rows 450 to 479 of 491, columns 871 to 937 of 951]
1071.25 1069.07 1066.9 1064.79 1063.03 1061.28 1059.52 1057.76 1056.0 1053.97 1051.85 1049.73 1047.61 1045.49 1043.38 1041.26 1039.14 1037.04 1034.31 1031.16 1028.14 1025.13 1022.11 1019.1 1016.09 1013.08 1010.06 1006.51 1003.67 1000.86 997.96 995.18 992.39 989.61 986.83 984.04 980.71 977.2 973.69 970.18 966.71 963.62 960.53 957.44 954.35 951.26 948.41 945.67 943.44 941.75 940.07 938.64 938.62 938.18 936.63 935.08 934.8311556951822 934.8302830305474 934.8294103659126 934.8285377012778 934.827665036643 934.8267923720082 934.8259197073734 934.8250470427386 934.8241743781037 934.8233017134689 934.8224290488341
1073.51 1071.33 1069.15 1066.97 1064.97 1063.22 1061.46 1059.7 1057.94 1055.9 1053.78 1051.66 1049.54 1047.42 1045.31 1043.19 1041.07 1039.0 1036.23 1033.26 1030.27 1027.25 1024.24 1021.23 1018.21 1015.2 1012.19 1008.74 1005.55 1002.63 999.83 997.04 994.26 991.47 988.69 985.91 982.56 979.05 975.54 972.1 969.01 965.92 962.83 959.74 956.65 953.36 949.71 947.05 945.37 943.68 942.0 940.32 938.63 938.58 938.45 936.81 935.34 934.8299215610202 934.8290488963854 934.8281762317506 934.8273035671158 934.826430902481 934.8255582378462 934.8246855732114 934.8238129085765 934.8229402439417 934.8220675793069
1075.76 1073.58 1071.41 1069.23 1067.05 1065.16 1063.4 1061.64 1059.88 1057.83 1055.71 1053.59 1051.47 1049.35 1047.23 1045.13 1043.08 1041.03 1038.24 1035.26 1032.28 1029.31 1026.33 1023.35 1020.34 1017.33 1014.31 1010.97 1007.55 1004.48 1001.69 998.91 996.12 993.34 990.56 987.77 984.4 980.89 977.49 974.4 971.31 968.22 965.05 961.4 957.75 954.12 950.5 948.38 946.53 944.73 943.38 942.07 940.87 939.07 938.54 938.52 937.17 936.09 935.02 934.8278147622234 934.8269420975886 934.8260694329538 934.825196768319 934.8243241036841 934.8234514390493 934.8225787744145 934.8217061097797
1078.02 1075.84 1073.66 1071.49 1069.31 1067.13 1065.34 1063.58 1061.82 1059.76 1057.64 1055.52 1053.4 1051.28 1049.2 1047.16 1045.11 1043.06 1040.24 1037.26 1034.29 1031.31 1028.33 1025.36 1022.38 1019.41 1016.43 1013.0 1009.48 1005.97 1003.35 1000.73 997.99 995.21 992.42 989.64 986.25 982.88 979.79 976.7 973.09 969.46 965.95 962.43 958.92 955.4 950.97 949.49 948.14 946.79 945.51 944.42 943.11 941.61 939.5 938.5 938.48 937.76 936.58 935.49 934.8265806280614 934.8257079634266 934.8248352987918 934.8239626341569 934.8230899695221 934.8222173048873 934.8213446402525
1080.27 1078.1 1075.92 1073.74 1071.56 1069.39 1067.28 1065.52 1063.76 1061.69 1059.57 1057.45 1055.33 1053.28 1051.23 1049.19 1047.14 1045.09 1042.24 1039.27 1036.29 1033.31 1030.34 1027.36 1024.39 1021.41 1018.33 1014.89 1011.38 1007.86 1004.76 1002.15 999.53 996.91 994.29 991.51 988.27 984.8 981.29 977.77 974.26 970.74 967.23 963.72 960.2 956.68 952.1 951.55 950.2 948.96 947.93 946.67 945.36 944.05 941.98 939.79 938.44 938.4 938.04 936.89 935.67 934.8257079634266 934.8248352987918 934.8239626341569 934.8230899695221 934.8222173048873 934.8213446402525
1082.53 1080.35 1078.18 1076.0 1073.82 1071.64 1069.47 1067.46 1065.7 1063.62 1061.5 1059.4 1057.36 1055.31 1053.26 1051.22 1049.17 1047.12 1044.24 1041.27 1038.29 1035.32 1032.34 1029.36 1026.39 1023.33 1020.22 1016.76 1013.27 1009.77 1006.25 1003.56 1000.94 998.32 995.7 993.1 989.57 986.09 982.57 979.06 975.54 972.03 968.51 965.0 961.48 957.51 954.75 953.43 952.4 951.38 950.22 948.91 947.64 946.06 943.87 941.84 940.13 938.43 938.32 938.28 936.99 935.61 934.8248352987918 934.8239626341569 934.8230899695221 934.8222173048873 934.8213446402525
1084.79 1082.61 1080.43 1078.25 1076.08 1073.9 1071.72 1069.55 1067.64 1065.55 1063.48 1061.43 1059.39 1057.34 1055.29 1053.25 1051.2 1049.15 1046.25 1043.27 1040.3 1037.32 1034.34 1031.37 1028.32 1025.21 1022.1 1018.63 1015.14 1011.64 1008.15 1004.97 1002.35 999.74 997.18 994.35 990.8 987.28 983.79 980.3 976.82 973.31 969.79 966.28 962.77 959.67 958.06 956.44 954.93 953.77 952.5 951.21 949.69 947.94 945.75 944.0 942.29 940.59 938.88 938.24 938.19 937.29 935.83 934.8239626341569 934.8230899695221 934.8222173048873 934.8213446402525
1087.04 1084.86 1082.69 1080.51 1078.33 1076.16 1073.98 1071.8 1069.64 1067.56 1065.51 1063.46 1061.42 1059.37 1057.32 1055.28 1053.23 1051.18 1048.25 1045.28 1042.3 1039.32 1036.35 1033.31 1030.2 1027.09 1023.98 1020.51 1017.01 1013.52 1010.02 1006.53 1003.8 1001.24 998.7 995.6 992.05 988.51 984.98 981.49 978.01 974.52 971.04 967.55 964.38 962.67 960.98 959.28 957.59 956.16 954.77 953.29 951.7 949.83 947.86 946.15 944.45 942.78 941.28 939.44 938.16 938.11 937.65 935.58 934.8230899695221 934.8222173048873 934.8213446402525
1089.33 1087.19 1085.05 1082.92 1080.78 1078.64 1076.5 1074.36 1072.22 1069.78 1067.54 1065.49 1063.45 1061.4 1059.35 1057.31 1055.26 1053.21 1050.25 1047.28 1044.3 1041.33 1038.31 1035.2 1032.09 1028.98 1025.87 1022.38 1018.89 1015.39 1011.89 1008.47 1005.3 1002.74 1000.22 996.85 993.3 989.76 986.21 982.69 979.2 975.71 972.22 968.74 966.61 964.91 963.21 961.56 960.12 958.53 956.91 955.3 953.7 951.72 950.02 948.31 946.73 945.32 943.64 941.79 939.94 938.1 938.03 937.91 935.34 934.8222173048873 934.8213446402525
1091.91 1089.77 1087.63 1085.5 1083.36 1081.22 1079.08 1076.94 1074.8 1072.36 1069.91 1067.52 1065.48 1063.43 1061.38 1059.34 1057.29 1055.23 1052.26 1049.28 1046.31 1043.3 1040.19 1037.08 1033.97 1030.86 1027.75 1024.25 1020.76 1017.26 1013.8 1010.44 1007.09 1004.26 1001.64 998.09 994.55 991.01 987.46 983.92 980.4 976.91 973.42 970.85 968.84 967.15 965.52 964.0 962.37 960.69 959.01 957.33 955.7 953.88 952.27 950.69 949.3 947.83 945.98 944.17 942.66 941.12 938.69 937.98 937.97 934.8222173048873 934.8213446402525
1094.67 1092.35 1090.21 1088.08 1085.94 1083.8 1081.66 1079.52 1077.37 1074.93 1072.48 1070.04 1067.59 1065.46 1063.41 1061.37 1059.32 1057.24 1054.26 1051.29 1048.3 1045.19 1042.08 1038.97 1035.86 1032.75 1029.62 1026.12 1022.63 1019.14 1015.77 1012.42 1009.09 1005.78 1002.89 999.34 995.8 992.26 988.71 985.16 981.62 978.1 975.03 973.05 971.08 969.47 967.81 966.13 964.45 962.76 961.14 959.57 957.99 956.22 954.64 953.27 951.92 950.18 948.42 946.91 945.4 943.89 941.73 939.05 937.98 938.0 934.8213446402525
1097.5 1095.03 1092.8 1090.66 1088.52 1086.38 1084.24 1082.11 1079.95 1077.5 1075.06 1072.61 1070.17 1067.72 1065.44 1063.4 1061.35 1059.24 1056.26 1053.29 1050.18 1047.07 1043.96 1040.85 1037.74 1034.63 1031.49 1028.0 1024.5 1021.1 1017.76 1014.43 1011.11 1007.78 1004.26 1000.59 997.05 993.5 989.96 986.41 982.87 979.32 977.22 975.26 973.44 972.11 970.53 968.96 967.38 965.81 964.23 962.66 961.08 958.83 957.24 955.89 954.38 952.67 951.15 949.64 948.13 946.62 944.76 941.94 939.01 938.01 937.88
1100.33 1097.86 1095.4 1093.24 1091.1 1088.96 1086.82 1084.69 1082.52 1080.07 1077.63 1075.18 1072.74 1070.29 1067.85 1065.43 1063.38 1061.24 1058.27 1055.17 1052.06 1048.95 1045.84 1042.73 1039.62 1036.51 1033.37 1029.87 1026.44 1023.09 1019.77 1016.43 1013.02 1009.62 1006.22 1002.57 998.9 995.22 991.54 987.86 984.18 981.43 979.58 977.73 975.93 974.61 973.29 971.97 970.47 968.9 967.32 965.75 964.17 962.08 960.05 958.51 956.91 955.4 953.89 952.38 950.86 949.35 947.6 944.69 941.71 938.72 938.08
1103.16 1100.69 1098.23 1095.82 1093.68 1091.54 1089.41 1087.27 1085.09 1082.65 1080.2 1077.76 1075.31 1072.86 1070.42 1067.97 1065.53 1063.25 1060.17 1057.06 1053.95 1050.84 1047.73 1044.62 1041.51 1038.4 1035.24 1031.77 1028.43 1025.08 1021.68 1018.23 1014.7 1011.18 1007.62 1003.96 1000.22 996.49 992.8 989.11 985.54 983.91 982.05 980.2 978.42 977.1 975.78 974.46 973.14 971.82 970.41 968.84 967.26 965.35 963.34 961.31 959.66 958.15 956.65 955.14 953.45 951.35 949.61 946.81 944.01 941.12 938.18
1105.99 1103.53 1101.06 1098.6 1096.26 1094.12 1091.99 1089.85 1087.66 1085.22 1082.77 1080.33 1077.88 1075.44 1072.99 1070.55 1068.1 1065.54 1062.23 1059.08 1055.93 1052.78 1049.63 1046.5 1043.39 1040.28 1037.11 1033.73 1030.21 1026.62 1023.02 1019.43 1015.83 1012.24 1008.64 1005.05 1001.41 997.71 994.02 990.33 987.92 986.33 984.53 982.67 980.91 979.59 978.27 976.95 975.63 974.31 972.99 971.67 970.35 968.64 966.61 964.58 962.55 960.92 959.22 957.19 954.97 953.39 951.63 948.83 946.02 943.22 940.42
1108.82 1106.36 1103.89 1101.43 1098.97 1096.71 1094.57 1092.43 1090.23 1087.79 1085.34 1082.9 1080.45 1078.01 1075.56 1073.15 1070.77 1068.17 1064.61 1061.36 1058.21 1055.06 1051.91 1048.75 1045.6 1042.45 1039.3 1035.86 1032.05 1028.24 1024.43 1020.62 1016.85 1013.26 1009.66 1006.07 1002.48 998.89 995.25 991.9 990.3 988.71 987.0 985.15 983.39 982.07 980.75 979.44 978.12 976.8 975.48 974.16 972.81 970.8 968.77 966.91 964.99 963.03 960.85 958.59 957.02 955.44 953.64 950.84 948.03 945.23 942.43
1111.65 1109.19 1106.72 1104.26 1101.8 1099.33 1097.15 1095.01 1092.81 1090.36 1087.92 1085.47 1083.03 1080.59 1078.2 1075.82 1073.43 1070.79 1067.24 1063.69 1060.49 1057.33 1054.18 1051.03 1047.88 1044.73 1041.57 1038.4 1035.07 1031.26 1027.45 1023.64 1019.83 1016.02 1012.21 1008.4 1003.58 999.98 996.39 994.28 992.68 991.09 989.47 987.62 985.88 984.56 983.24 981.92 980.6 979.28 977.97 976.43 974.64 972.6 969.65 968.05 966.31 964.45 962.21 960.64 959.06 957.49 955.65 952.85 950.05 947.24 944.43
1114.48 1112.02 1109.56 1107.09 1104.63 1102.17 1099.73 1097.59 1095.38 1092.93 1090.49 1088.04 1085.64 1083.25 1080.87 1078.48 1076.09 1073.42 1069.87 1066.32 1062.76 1059.61 1056.46 1053.31 1050.16 1047.01 1043.85 1040.67 1037.55 1034.19 1030.48 1026.67 1022.86 1019.05 1015.24 1011.12 1004.73 1001.13 997.96 996.35 995.07 993.47 991.88 990.09 988.37 987.05 985.73 984.41 983.09 981.77 980.06 978.27 976.47 974.4 971.45 968.82 967.28 965.65 964.26 962.68 961.11 959.53 957.66 954.86 952.06 949.26 946.43
1117.31 1114.85 1112.39 1109.92 1107.46 1105.0 1102.53 1100.17 1097.95 1095.51 1093.08 1090.69 1088.3 1085.92 1083.53 1081.14 1078.76 1076.05 1072.5 1068.94 1065.39 1061.89 1058.74 1055.59 1052.44 1049.28 1046.13 1042.95 1039.77 1036.7 1033.31 1029.69 1025.88 1022.07 1018.26 1013.45 1006.32 1002.52 999.96 998.41 997.16 995.85 994.26 992.56 990.85 989.53 988.22 986.9 985.47 983.68 981.89 980.09 978.3 976.2 973.25 970.3 968.02 966.5 965.87 964.73 963.16 961.58 959.67 956.87 954.07 951.25 948.42
1120.15 1117.68 1115.22 1112.75 1110.29 1107.83 1105.36 1102.9 1100.52 1098.13 1095.74 1093.35 1090.97 1088.58 1086.19 1083.81 1081.42 1078.68 1075.13 1071.57 1068.02 1064.47 1061.02 1057.86 1054.71 1051.56 1048.4 1045.23 1042.05 1038.87 1035.82 1032.43 1028.9 1025.1 1021.29 1015.74 1009.03 1004.19 1002.04 1000.47 999.22 997.97 996.64 995.03 993.34 992.02 990.7 989.1 987.3 985.51 983.72 981.92 980.13 977.99 975.04 972.1 969.15 967.32 966.88 966.44 965.21 963.63 961.69 958.89 956.07 953.22 950.31
1123.46 1120.99 1118.52 1116.05 1113.58 1111.11 1108.64 1106.16 1103.51 1100.79 1098.4 1096.02 1093.63 1091.24 1088.86 1086.47 1084.08 1081.31 1077.76 1074.2 1070.65 1067.1 1063.54 1060.14 1056.99 1053.84 1050.68 1047.5 1044.33 1041.15 1037.98 1034.94 1031.55 1028.02 1024.16 1017.29 1011.06 1006.07 1004.12 1002.53 1001.28 1000.03 998.78 997.43 995.83 994.51 992.72 990.93 989.14 987.34 985.55 983.76 981.96 979.79 976.84 973.89 970.95 968.49 967.98 967.45 967.02 965.68 963.7 960.89 958.02 955.11 952.17
1126.85 1124.45 1121.98 1119.51 1117.04 1114.56 1112.09 1109.62 1106.95 1103.91 1101.07 1098.68 1096.29 1093.91 1091.52 1089.13 1086.75 1083.94 1080.39 1076.83 1073.28 1069.73 1066.17 1062.62 1059.27 1056.12 1052.96 1049.78 1046.6 1043.43 1040.25 1037.14 1034.06 1029.92 1023.62 1016.89 1010.66 1008.29 1006.31 1004.6 1003.34 1002.09 1000.84 999.59 998.14 996.35 994.55 992.76 990.97 989.17 987.38 985.59 983.79 981.59 978.64 975.69 972.55 969.8 969.24 968.67 968.1 967.59 965.71 962.82 959.87 956.95 954.05
1130.08 1127.86 1125.44 1122.97 1120.49 1118.02 1115.55 1113.08 1110.39 1107.36 1104.32 1101.34 1098.96 1096.57 1094.18 1091.8 1089.41 1086.57 1083.02 1079.46 1075.91 1072.36 1068.8 1065.25 1061.69 1058.39 1055.23 1052.06 1048.88 1045.7 1042.53 1039.35 1035.45 1029.23 1022.96 1016.49 1012.67 1010.76 1008.89 1007.02 1005.26 1003.98 1002.71 1001.44 1000.1 998.26 996.43 994.59 992.79 991.0 989.21 987.41 985.62 983.38 980.43 977.38 974.97 972.77 970.82 970.22 969.6 968.95 967.53 964.81 961.91 959.01 956.11
1133.31 1131.09 1128.87 1126.43 1123.95 1121.48 1119.01 1116.54 1113.83 1110.8 1107.76 1104.73 1101.69 1099.23 1096.85 1094.46 1092.07 1089.2 1085.65 1082.09 1078.54 1074.98 1071.43 1067.88 1064.32 1060.77 1057.51 1054.33 1051.1 1047.8 1044.51 1040.8 1034.91 1028.63 1022.36 1017.03 1015.17 1013.31 1011.45 1009.59 1007.72 1005.88 1004.55 1003.29 1002.0 1000.24 998.4 996.57 994.73 992.9 991.06 989.24 987.45 985.18 982.54 980.29 977.96 975.57 973.18 971.76 971.1 970.35 968.6 966.39 963.87 961.07 958.17
1136.54 1134.32 1132.1 1129.88 1127.41 1124.94 1122.47 1120.0 1117.27 1114.24 1111.2 1108.17 1105.14 1102.1 1099.51 1097.12 1094.74 1091.83 1088.28 1084.72 1081.17 1077.61 1074.06 1070.51 1066.99 1063.67 1060.28 1056.84 1053.35 1049.88 1046.27 1040.23 1034.32 1028.21 1021.94 1019.4 1017.53 1015.67 1013.46 1011.03 1008.88 1007.93 1006.56 1005.13 1003.84 1002.21 1000.37 998.54 996.71 994.87 993.04 991.2 989.31 987.21 984.97 982.63 980.25 977.86 975.48 973.24 972.55 971.68 969.67 967.49 965.24 962.75 960.16
1139.77 1137.55 1135.33 1133.12 1130.87 1128.4 1125.93 1123.45 1120.72 1117.68 1114.65 1111.61 1108.58 1105.54 1102.51 1099.79 1097.4 1094.46 1090.91 1087.35 1083.8 1080.24 1076.91 1073.59 1070.27 1066.92 1063.19 1060.26 1056.89 1052.61 1046.12 1039.8 1033.78 1027.79 1023.62 1021.61 1019.18 1016.76 1014.33 1011.9 1010.88 1009.93 1008.78 1007.24 1005.67 1004.18 1002.35 1000.51 998.68 996.81 994.9 992.95 990.91 988.77 986.62 984.48 982.21 979.9 977.6 975.29 973.9 972.93 970.75 968.56 966.38 964.1 961.63
1143.0 1140.79 1138.57 1136.35 1134.13 1131.86 1129.39 1126.91 1124.16 1121.12 1118.09 1115.05 1112.02 1108.98 1105.95 1102.92 1100.06 1097.09 1093.54 1090.16 1086.83 1083.51 1080.19 1076.86 1073.54 1069.7 1066.13 1063.1 1059.14 1052.47 1045.61 1039.6 1033.33 1027.59 1024.91 1022.48 1020.05 1017.63 1015.2 1013.83 1012.88 1011.93 1010.99 1009.46 1007.89 1006.15 1004.29 1002.4 1000.49 998.54 996.59 994.59 992.46 990.32 988.17 986.03 983.89 981.74 979.45 977.15 975.23 974.0 971.82 969.63 967.45 965.27 962.96
1146.24 1144.02 1141.8 1139.58 1137.36 1135.14 1132.84 1130.37 1127.6 1124.57 1121.53 1118.5 1115.46 1112.43 1109.39 1106.36 1102.87 1099.6 1096.63 1093.43 1090.11 1086.79 1083.46 1080.14 1076.94 1072.49 1069.06 1065.79 1059.11 1052.16 1045.39 1038.83 1032.83 1028.7 1025.78 1023.35 1020.93 1018.5 1016.79 1015.84 1014.89 1013.94 1012.99 1011.67 1010.1 1008.24 1006.12 1004.13 1002.19 1000.23 998.23 996.17 994.01 991.87 989.73 987.58 985.44 983.3 981.15 979.0 976.7 975.07 972.89 970.71 968.52 966.34 964.16
1149.47 1147.25 1145.03 1142.81 1140.59 1138.37 1136.15 1133.83 1131.04 1128.01 1124.97 1121.94 1118.47 1114.98 1111.48 1107.99 1104.48 1101.13 1098.1 1095.13 1092.17 1089.2 1086.22 1083.24 1079.11 1075.25 1070.97 1065.12 1058.27 1051.67 1045.08 1038.36 1033.13 1029.82 1026.65 1024.22 1021.8 1019.74 1018.79 1017.84 1016.89 1015.94 1014.99 1013.88 1012.28 1010.25 1008.05 1005.85 1003.88 1001.88 999.88 997.71 995.56 993.42 991.28 989.14 986.99 984.85 982.71 980.56 978.41 976.18 973.98 971.78 969.59 967.41 965.23
1152.7 1150.48 1148.26 1146.04 1143.82 1141.6 1139.39 1137.17 1134.07 1130.58 1127.08 1123.59 1120.09 1116.6 1113.1 1109.61 1106.03 1102.7 1099.62 1096.61 1093.63 1090.43 1086.02 1081.61 1077.02 1073.07 1068.43 1063.16 1056.82 1050.06 1043.46 1037.11 1034.05 1030.85 1027.52 1025.1 1022.69 1021.74 1020.79 1019.84 1018.89 1017.94 1016.99 1016.04 1014.38 1012.18 1009.97 1007.73 1005.52 1003.52 1001.42 999.26 997.11 994.97 992.83 990.69 988.54 986.4 984.19 982.07 979.95 977.74 975.24 973.04 970.84 968.64 966.44
