data/topo.dat
NCOLS         951
NROWS         491
XLLCORNER     342354.83283296
YLLCORNER     4716276.7333355
CELLSIZE      5.0
NODATA_VALUE  -9999.0
[rows 150 to 179 of 491, columns 804 to 870 of 951]
1169.17 1165.64 1162.08 1158.6 1155.14 1150.94 1146.49 1140.86 1134.46 1129.35 1127.39 1126.22 1122.59 1117.0 1110.16 1105.84 1101.63 1099.01 1097.32 1095.66 1094.12 1089.46 1082.58 1074.66 1070.74 1065.55 1061.23 1057.46 1053.89 1050.59 1046.52 1042.29 1037.68 1030.54 1024.21 1019.04 1013.73 1005.75 996.49 990.06 984.92 980.5 976.49 972.97 969.84 966.87 964.11 961.37 958.59 957.09 956.25 955.11 952.87 950.34 946.88 943.33 940.46 939.61 939.28 938.96 938.71 938.53 938.36 938.18 938.01 937.8598730732962 937.859511603769
1168.31 1164.7 1160.55 1157.7 1154.81 1150.89 1146.35 1140.67 1132.61 1125.56 1123.84 1122.38 1120.17 1113.89 1108.49 1103.94 1100.74 1097.62 1094.94 1092.93 1089.29 1083.7 1078.32 1073.86 1069.76 1065.81 1061.82 1058.57 1055.95 1052.52 1048.78 1042.51 1034.85 1027.49 1020.65 1015.28 1009.98 1004.67 995.07 988.39 983.45 979.26 975.84 972.34 969.27 966.35 963.75 961.27 959.6 957.28 955.52 954.37 952.0 949.72 945.99 942.2 940.26 939.4 939.07 938.89 938.71 938.54 938.36 938.19 938.01 937.859511603769 937.8586389391342
1167.33 1163.14 1159.49 1156.8 1154.08 1149.79 1144.95 1138.64 1127.26 1121.35 1119.78 1117.96 1116.63 1110.64 1106.24 1103.09 1099.93 1097.07 1094.54 1092.16 1089.15 1084.0 1079.46 1075.34 1071.13 1067.65 1064.21 1061.26 1058.26 1055.04 1047.76 1039.89 1031.99 1024.46 1017.18 1011.52 1006.28 1000.87 994.32 986.71 982.13 978.6 975.19 971.77 968.7 965.78 963.21 960.6 958.75 957.24 955.51 953.64 951.6 948.87 945.05 940.94 940.02 939.26 939.06 938.89 938.71 938.54 938.36 938.19 938.01 937.88 937.858277469607
1165.73 1161.65 1157.76 1153.06 1148.05 1143.18 1138.31 1131.22 1121.74 1117.3 1115.75 1114.42 1112.67 1107.82 1105.18 1102.32 1099.35 1096.68 1094.18 1091.88 1089.54 1085.71 1081.39 1076.9 1072.74 1069.67 1066.78 1064.0 1060.69 1052.55 1044.94 1038.19 1029.55 1021.53 1014.11 1007.75 1002.57 997.16 991.75 985.07 981.34 977.94 974.54 971.19 968.15 965.21 962.64 960.07 957.89 956.18 954.0 951.79 949.74 946.65 943.2 940.62 940.02 939.61 939.19 938.89 938.72 938.54 938.36 938.19 938.02 937.9 937.8579160000797
1160.47 1156.01 1151.64 1146.86 1141.53 1136.57 1131.59 1123.81 1117.43 1113.86 1112.28 1110.87 1108.97 1106.34 1103.71 1101.07 1098.81 1096.27 1093.9 1091.61 1089.27 1086.46 1082.96 1078.47 1074.32 1071.68 1069.5 1065.73 1057.82 1049.72 1042.11 1035.93 1027.86 1019.2 1011.15 1004.02 998.86 993.45 988.05 984.02 980.69 977.29 973.89 970.62 967.59 964.65 962.08 959.51 956.77 954.36 952.15 949.93 947.79 944.87 941.24 940.78 940.36 939.95 939.53 939.12 938.72 938.54 938.37 938.19 938.02 937.93 937.8575545305525
1153.82 1149.68 1145.5 1140.65 1135.14 1129.98 1125.6 1118.46 1114.79 1111.53 1109.05 1107.53 1105.82 1104.3 1102.2 1099.56 1097.37 1095.48 1093.63 1091.33 1088.86 1085.58 1082.52 1079.82 1075.9 1073.69 1068.28 1061.9 1054.85 1046.91 1039.29 1033.11 1026.93 1017.54 1008.42 1000.51 995.15 990.32 986.58 983.12 979.91 976.64 973.23 970.07 967.04 964.08 961.51 958.75 955.85 953.06 950.33 948.08 945.87 943.09 941.14 940.83 940.53 940.22 939.87 939.46 939.04 938.63 938.37 938.19 938.02 937.93 937.8571930610253
1148.83 1144.83 1140.86 1136.16 1130.45 1124.62 1119.42 1115.66 1111.96 1108.85 1105.64 1103.66 1102.13 1100.6 1099.07 1097.55 1095.73 1093.91 1092.05 1090.08 1087.81 1083.73 1080.45 1077.34 1073.5 1068.49 1062.97 1056.69 1050.32 1043.84 1036.46 1030.28 1024.1 1017.16 1007.22 999.6 993.26 989.12 985.55 982.16 978.89 975.79 972.58 969.51 966.49 963.51 960.76 957.82 954.93 952.09 949.35 946.62 944.02 941.39 941.09 940.78 940.47 940.17 939.86 939.55 939.25 938.94 938.56 938.2 938.04 937.9 937.8568315914981
1147.85 1142.71 1138.89 1134.23 1128.41 1122.8 1117.28 1112.31 1108.92 1105.7 1102.36 1099.94 1098.3 1096.66 1095.4 1094.25 1094.01 1092.18 1090.21 1088.18 1085.86 1080.93 1075.76 1072.42 1068.24 1063.18 1057.62 1051.38 1045.19 1038.74 1033.05 1028.05 1022.44 1016.25 1008.94 1001.02 993.73 987.86 984.14 980.76 977.58 974.53 971.69 968.68 965.71 962.77 959.85 956.89 954.01 951.15 948.38 945.64 942.89 941.32 941.01 940.7 940.4 940.09 939.78 939.48 939.17 938.87 938.56 938.26 938.04 937.88 937.8564701219709
1146.73 1141.59 1136.86 1132.24 1126.54 1121.04 1115.63 1110.23 1105.66 1102.32 1098.8 1095.66 1094.24 1092.8 1091.95 1091.03 1090.83 1090.2 1088.18 1086.11 1084.27 1078.97 1072.95 1067.42 1063.02 1057.83 1052.14 1046.07 1039.89 1033.91 1028.73 1023.92 1018.83 1013.86 1008.38 1002.67 995.38 987.87 982.78 979.35 976.27 973.46 970.69 967.64 964.67 961.74 959.09 956.11 953.18 950.26 947.38 944.55 941.73 941.24 940.9 940.59 940.28 939.98 939.67 939.37 939.06 938.76 938.45 938.24 938.1 937.94 937.8561086524437
1145.62 1140.47 1135.32 1130.28 1125.07 1120.59 1116.11 1110.95 1104.98 1099.51 1095.45 1091.76 1090.0 1089.01 1087.92 1087.65 1086.83 1086.02 1084.62 1082.2 1079.33 1076.15 1069.53 1063.18 1057.42 1051.99 1046.48 1041.86 1035.93 1030.03 1024.84 1019.82 1016.02 1011.43 1006.21 1000.5 994.78 989.07 982.0 978.01 975.2 972.51 969.69 966.6 963.63 960.72 958.08 955.34 952.4 949.47 946.53 943.57 941.58 941.17 940.78 940.48 940.17 939.87 939.56 939.26 938.95 938.64 938.42 938.29 938.15 937.99 937.8564701219709
1144.5 1139.35 1134.53 1130.95 1126.47 1121.99 1117.32 1111.22 1105.39 1100.1 1095.07 1089.74 1085.8 1084.85 1084.09 1083.27 1082.44 1081.5 1078.54 1075.31 1072.08 1068.82 1064.42 1057.22 1051.12 1046.2 1041.62 1036.82 1032.03 1026.25 1020.95 1016.67 1013.2 1009.06 1004.04 998.32 992.61 986.9 981.18 976.95 974.26 971.56 968.69 965.56 962.57 959.7 957.05 954.41 951.61 948.66 945.71 942.76 941.54 941.11 940.71 940.37 940.06 939.76 939.45 939.14 938.84 938.61 938.48 938.34 938.2 938.05 937.89
1143.38 1139.0 1136.71 1132.98 1127.87 1123.39 1117.45 1111.27 1105.97 1101.09 1096.28 1091.46 1084.84 1080.2 1079.3 1078.4 1077.14 1075.71 1072.05 1068.0 1064.77 1061.44 1056.51 1050.64 1044.93 1040.37 1036.51 1031.72 1026.92 1022.13 1017.33 1013.86 1010.38 1006.68 1001.86 996.15 990.43 984.72 980.24 976.65 973.31 970.62 967.7 964.52 961.49 958.68 956.03 953.39 950.95 948.05 945.11 942.17 941.53 941.08 940.64 940.26 939.95 939.64 939.34 939.03 938.8 938.66 938.53 938.39 938.25 938.11 937.94
1143.47 1141.53 1138.44 1134.73 1129.27 1123.7 1117.15 1111.93 1107.12 1102.3 1097.48 1092.67 1086.08 1077.04 1074.18 1073.05 1071.91 1069.66 1066.34 1061.85 1057.46 1053.71 1048.57 1043.76 1039.04 1035.07 1031.4 1026.61 1021.82 1018.18 1014.85 1011.04 1007.57 1004.09 999.69 993.98 988.26 983.62 980.01 976.41 972.89 969.67 966.7 963.48 960.44 957.66 955.01 952.53 950.15 947.41 944.51 942.02 941.55 941.07 940.61 940.18 939.84 939.53 939.23 938.99 938.85 938.72 938.58 938.44 938.3 938.16 938.0
1141.2 1138.51 1135.38 1131.63 1127.93 1123.4 1117.96 1113.07 1107.67 1102.27 1096.96 1091.88 1085.16 1077.77 1069.52 1068.39 1066.26 1064.14 1061.18 1056.88 1052.52 1048.52 1044.04 1039.56 1034.59 1030.17 1026.29 1022.39 1019.02 1015.88 1012.55 1008.75 1004.75 1001.28 997.16 991.8 987.05 983.38 979.78 976.18 972.82 969.31 965.7 962.43 959.39 956.64 954.07 951.69 949.31 946.76 944.05 942.08 941.59 941.1 940.61 940.14 939.73 939.42 939.18 939.04 938.9 938.77 938.63 938.49 938.36 938.22 938.06
1138.14 1135.62 1131.93 1128.5 1125.2 1121.77 1117.0 1111.6 1106.33 1101.12 1096.07 1090.96 1083.63 1076.24 1068.99 1064.08 1061.75 1059.75 1056.93 1052.94 1048.92 1045.37 1040.89 1036.49 1032.45 1027.8 1023.57 1019.87 1016.73 1013.52 1010.21 1006.73 1002.69 998.61 994.62 990.49 986.75 983.46 980.48 977.52 974.27 970.59 966.88 963.33 960.12 957.08 954.43 952.01 949.57 946.78 943.92 942.16 941.67 941.17 940.67 940.18 939.68 939.37 939.23 939.09 938.96 938.82 938.68 938.54 938.41 938.27 938.11
1135.33 1132.59 1129.36 1126.2 1122.68 1119.18 1115.51 1110.43 1105.3 1100.25 1095.2 1089.5 1082.11 1075.0 1068.85 1062.79 1059.3 1056.65 1053.05 1049.35 1045.55 1042.22 1038.27 1034.32 1030.42 1026.7 1022.92 1019.21 1016.34 1013.35 1010.29 1007.21 1003.29 999.3 995.47 991.84 988.39 985.08 982.04 979.07 975.58 971.89 968.3 964.68 961.69 958.72 955.75 953.23 950.79 947.6 944.17 942.28 941.78 941.29 940.82 940.36 939.93 939.63 939.45 939.26 939.08 938.9 938.73 938.6 938.46 938.32 938.17
1132.37 1130.32 1127.12 1123.69 1119.58 1113.95 1110.9 1108.38 1104.44 1099.39 1094.28 1087.97 1081.01 1075.0 1068.84 1062.9 1056.9 1053.58 1049.91 1046.07 1042.4 1039.34 1035.97 1032.87 1029.1 1025.7 1022.41 1019.05 1016.28 1013.48 1010.68 1007.73 1003.89 1000.69 997.0 993.42 990.13 986.85 983.62 980.55 976.9 973.28 969.66 966.24 963.25 960.28 957.31 954.45 951.85 948.42 944.99 942.46 941.99 941.54 941.1 940.68 940.25 939.95 939.77 939.59 939.41 939.22 939.04 938.86 938.67 938.49 938.3
1129.0 1127.74 1124.88 1119.7 1114.11 1109.44 1106.1 1102.96 1100.62 1098.17 1093.36 1087.02 1081.15 1074.98 1068.94 1062.86 1056.6 1050.46 1046.52 1042.47 1039.14 1036.51 1034.21 1031.35 1028.08 1024.85 1021.89 1018.98 1016.22 1013.49 1010.92 1008.25 1004.51 1001.99 998.66 995.16 991.88 988.6 985.32 981.87 978.25 974.64 971.02 967.79 964.81 961.84 958.88 955.91 952.69 949.3 945.91 942.72 942.28 941.84 941.42 941.0 940.57 940.28 940.1 939.91 939.73 939.55 939.37 939.18 939.0 938.76 938.51
1125.23 1123.95 1121.64 1114.22 1108.52 1104.06 1100.88 1097.59 1095.02 1091.66 1089.29 1086.76 1081.12 1075.01 1068.86 1062.58 1055.44 1048.59 1043.33 1039.05 1035.91 1033.46 1030.98 1028.29 1025.3 1022.53 1019.88 1018.06 1015.79 1013.32 1010.97 1008.64 1005.9 1003.14 1000.3 996.91 993.62 990.3 986.8 983.23 979.61 975.99 972.39 969.35 966.38 963.41 960.44 957.36 953.97 950.51 947.06 943.67 942.58 942.16 941.74 941.32 940.89 940.6 940.42 940.24 940.06 939.88 939.69 939.51 939.27 939.02 938.74
1121.02 1119.61 1117.1 1109.79 1103.18 1099.28 1096.18 1092.02 1088.07 1084.83 1082.42 1079.94 1076.61 1072.96 1068.55 1061.76 1053.76 1045.98 1041.05 1036.67 1032.72 1030.26 1027.66 1024.99 1022.19 1019.41 1016.85 1014.89 1013.09 1011.46 1009.59 1007.53 1005.98 1004.48 1001.95 998.61 995.23 991.74 988.1 984.53 980.97 977.35 973.94 970.91 967.94 964.97 961.98 958.6 955.19 951.82 948.37 944.91 942.91 942.49 942.06 941.64 941.21 940.93 940.75 940.57 940.38 940.2 940.02 939.79 939.53 939.27 939.0
1116.58 1114.88 1110.97 1103.96 1099.36 1096.27 1093.03 1087.77 1082.52 1078.15 1075.82 1072.94 1069.59 1065.41 1061.46 1056.0 1049.63 1043.47 1039.06 1034.85 1030.55 1027.04 1024.57 1021.8 1019.05 1016.25 1013.82 1011.87 1009.91 1008.11 1007.51 1006.23 1004.67 1003.05 1000.92 998.58 995.92 993.03 989.39 985.83 982.31 978.7 975.5 972.47 969.5 966.55 963.31 959.84 956.37 953.13 949.67 946.13 943.24 942.81 942.38 941.95 941.53 941.26 941.07 940.89 940.71 940.53 940.3 940.04 939.79 939.53 939.25
1112.31 1109.71 1104.69 1099.47 1095.8 1093.23 1089.04 1083.78 1078.53 1073.38 1069.01 1065.92 1062.38 1058.01 1053.48 1048.03 1043.21 1039.64 1036.19 1032.73 1028.73 1024.46 1021.39 1018.74 1015.91 1013.02 1010.79 1008.84 1006.89 1004.93 1003.97 1003.59 1002.94 1001.49 999.03 996.01 992.61 990.33 988.07 986.34 983.61 980.09 977.05 974.03 971.08 967.98 964.58 961.07 957.57 954.39 951.08 947.14 943.6 943.13 942.7 942.27 941.84 941.58 941.4 941.22 941.03 940.82 940.56 940.3 940.04 939.78 939.51
1107.53 1104.11 1099.84 1096.04 1092.97 1090.19 1085.04 1079.79 1075.26 1071.22 1065.83 1060.48 1055.74 1051.91 1048.56 1045.64 1042.72 1038.6 1034.24 1030.57 1026.92 1022.65 1018.5 1015.65 1012.78 1009.8 1007.77 1005.81 1003.56 1001.41 1000.53 1000.15 999.32 998.36 996.32 992.83 989.48 987.0 985.46 984.27 982.09 979.63 977.28 975.05 972.36 969.14 965.29 961.21 957.41 954.28 951.25 947.74 944.29 943.45 943.02 942.59 942.16 941.91 941.73 941.54 941.33 941.07 940.81 940.56 940.3 940.04 939.77
1102.19 1098.88 1095.24 1092.32 1090.15 1086.31 1081.05 1077.15 1073.31 1069.17 1064.95 1059.94 1055.65 1051.73 1048.17 1045.15 1042.23 1037.96 1033.61 1029.26 1024.94 1020.95 1016.99 1013.03 1009.56 1006.69 1004.55 1002.21 1000.13 998.06 997.1 996.64 995.7 994.4 992.4 989.7 986.35 983.88 982.9 982.01 980.71 978.61 976.88 974.6 971.88 968.08 964.32 960.31 956.67 953.59 950.54 947.55 945.1 944.15 943.34 942.91 942.48 942.23 942.05 941.84 941.59 941.33 941.07 940.81 940.55 940.3 940.02
1102.1 1096.28 1091.9 1089.49 1087.23 1082.31 1079.03 1075.48 1073.01 1068.9 1064.06 1059.3 1055.26 1051.33 1048.07 1044.66 1041.74 1037.33 1032.98 1028.63 1023.99 1019.32 1015.33 1011.36 1007.72 1003.84 1000.86 998.77 996.61 994.76 993.76 993.04 992.03 990.4 988.37 986.36 983.47 982.3 981.77 980.82 979.86 978.3 976.33 974.0 971.4 967.35 963.3 959.41 955.96 952.91 949.86 946.83 945.57 944.85 944.01 943.23 942.8 942.56 942.36 942.1 941.84 941.59 941.33 941.07 940.81 940.55 940.28
1101.37 1095.66 1091.03 1087.16 1083.91 1080.92 1077.65 1075.07 1071.9 1068.01 1063.4 1058.47 1054.86 1051.1 1047.97 1044.17 1041.25 1036.7 1032.35 1027.99 1022.61 1017.63 1013.64 1009.91 1006.32 1001.98 998.6 995.58 993.09 991.47 990.47 989.57 988.7 987.66 986.51 984.76 982.61 981.83 981.1 980.06 979.21 978.03 976.15 973.71 970.67 966.62 962.57 958.52 955.21 952.12 949.03 946.51 945.85 945.19 944.52 943.82 943.12 942.87 942.61 942.36 942.1 941.84 941.58 941.33 941.07 940.81 940.53
1100.72 1095.04 1089.82 1086.01 1082.65 1079.8 1077.13 1074.8 1071.8 1067.49 1062.64 1057.76 1054.46 1050.98 1047.87 1043.85 1040.67 1036.1 1031.71 1026.9 1021.25 1015.93 1011.99 1008.78 1004.54 1000.2 996.52 993.61 992.08 990.79 989.78 988.88 987.35 985.9 984.07 981.95 981.03 980.71 980.26 979.37 978.59 977.77 975.77 973.41 969.94 965.89 962.05 957.48 953.83 950.81 947.77 946.73 946.08 945.42 944.76 944.1 943.45 943.13 942.87 942.61 942.35 942.1 941.84 941.58 941.33 941.07 940.79
1095.21 1092.59 1088.51 1084.13 1081.11 1078.45 1075.69 1073.49 1070.68 1066.56 1061.44 1056.78 1053.75 1050.86 1047.75 1043.75 1040.07 1035.51 1030.96 1025.53 1019.89 1014.35 1010.79 1007.1 1002.76 998.42 994.34 993.08 991.52 989.85 988.6 987.57 985.64 983.71 981.87 980.74 980.41 979.7 978.88 978.05 977.22 976.38 975.44 973.09 969.31 965.55 961.22 956.32 952.35 949.42 947.61 946.95 946.3 945.65 945.0 944.34 943.69 943.38 943.13 942.87 942.61 942.35 942.1 941.84 941.58 941.32 941.04
1088.46 1086.43 1084.91 1081.14 1078.35 1075.42 1072.81 1070.16 1066.41 1062.72 1058.89 1053.94 1051.59 1050.15 1047.59 1043.54 1038.78 1033.55 1029.2 1023.62 1018.12 1013.79 1010.18 1004.51 1000.09 995.68 993.2 992.05 990.7 988.9 987.42 985.94 983.91 981.83 980.74 979.7 978.88 978.07 977.26 976.43 975.59 974.72 973.37 971.42 968.84 964.84 959.91 955.17 950.87 948.48 947.84 947.19 946.54 945.89 945.24 944.58 943.93 943.63 943.38 943.12 942.87 942.61 942.35 942.09 941.84 941.58 941.3
1088.22 1085.28 1082.23 1078.6 1075.59 1072.36 1069.61 1066.48 1061.88 1058.31 1054.86 1051.15 1048.37 1044.92 1041.63 1037.24 1033.17 1028.14 1025.09 1021.18 1015.59 1011.27 1007.65 1002.78 996.05 994.1 992.91 991.63 990.02 988.31 986.18 984.22 982.37 980.74 979.92 978.42 977.26 976.45 975.64 974.8 973.97 972.73 970.72 968.48 965.99 962.46 958.31 953.88 949.4 948.71 948.07 947.43 946.78 946.13 945.48 944.82 944.17 943.88 943.63 943.38 943.12 942.87 942.61 942.35 942.09 941.84 941.55
