data/topo.dat
NCOLS         951
NROWS         491
XLLCORNER     342354.83283296
YLLCORNER     4716276.7333355
CELLSIZE      5.0
NODATA_VALUE  -9999.0
[rows 240 to 269 of 491, columns 737 to 803 of 951]
1190.02 1187.03 1184.04 1181.05 1178.06 1174.99 1172.27 1169.23 1166.51 1162.21 1158.74 1155.59 1153.4 1150.56 1148.01 1145.47 1142.61 1138.65 1134.44 1130.7 1128.25 1124.46 1120.05 1116.23 1112.86 1108.44 1103.45 1100.35 1096.81 1094.13 1091.15 1088.46 1085.86 1083.24 1080.94 1078.53 1076.04 1073.38 1070.8 1068.34 1065.86 1062.82 1059.45 1056.08 1052.71 1050.6 1048.62 1047.56 1048.13 1046.61 1043.19 1040.21 1037.06 1035.44 1034.92 1033.98 1029.7 1026.79 1024.38 1021.76 1018.86 1015.59 1011.96 1008.14 1004.69 1001.25 998.62
1191.37 1188.43 1185.48 1182.53 1179.58 1176.66 1173.73 1170.83 1167.63 1162.82 1159.22 1155.13 1152.45 1149.07 1146.28 1143.74 1140.76 1136.37 1132.17 1127.9 1125.46 1123.01 1120.04 1116.11 1111.12 1106.12 1101.67 1098.19 1094.17 1090.72 1087.63 1084.82 1082.22 1079.61 1077.35 1075.14 1072.62 1070.19 1067.58 1065.12 1062.47 1059.44 1056.24 1052.87 1049.63 1047.65 1045.47 1044.08 1044.53 1044.62 1041.43 1038.24 1035.52 1032.53 1032.68 1034.15 1031.49 1028.99 1026.67 1024.23 1021.36 1017.94 1013.01 1008.45 1004.47 1001.04 999.37
1192.62 1189.81 1186.96 1184.07 1181.11 1178.33 1175.45 1172.48 1168.76 1164.57 1159.7 1154.67 1150.67 1147.39 1144.55 1141.9 1138.6 1134.21 1129.9 1125.17 1122.67 1120.22 1117.13 1113.8 1108.8 1103.81 1099.71 1096.04 1091.62 1087.31 1084.14 1081.17 1078.58 1075.99 1073.77 1071.57 1069.2 1066.96 1064.36 1061.87 1059.06 1056.04 1052.91 1049.66 1046.68 1044.48 1042.25 1040.81 1040.7 1040.38 1039.61 1036.78 1033.99 1030.21 1028.57 1029.46 1029.09 1027.04 1024.37 1021.59 1019.29 1016.6 1011.82 1008.27 1004.07 1000.83 999.16
1193.55 1190.73 1187.94 1185.14 1182.44 1179.56 1176.94 1174.24 1170.92 1166.12 1160.31 1154.64 1150.07 1146.42 1142.98 1140.11 1136.44 1132.05 1127.62 1122.86 1119.87 1116.3 1112.88 1109.7 1106.36 1101.49 1097.55 1093.88 1089.07 1084.4 1080.66 1077.54 1074.95 1072.38 1070.19 1067.99 1065.78 1063.54 1061.13 1058.57 1055.64 1052.65 1049.51 1046.38 1043.5 1040.69 1038.44 1037.37 1035.6 1031.42 1032.48 1033.61 1032.57 1027.16 1024.6 1024.28 1024.3 1022.63 1020.62 1018.56 1016.8 1014.58 1010.62 1007.64 1003.67 1000.62 998.95
1194.55 1191.71 1188.83 1186.01 1183.41 1180.81 1177.68 1174.03 1169.85 1165.64 1160.84 1155.26 1149.8 1145.88 1142.43 1138.76 1134.47 1129.9 1125.35 1120.72 1116.42 1112.63 1109.12 1105.74 1102.3 1098.88 1095.38 1091.92 1089.81 1087.49 1085.31 1082.94 1079.99 1077.5 1074.75 1072.47 1070.42 1068.59 1066.3 1063.69 1060.52 1057.31 1051.64 1047.94 1044.27 1041.07 1038.07 1035.19 1032.3 1029.83 1027.3 1026.98 1027.33 1023.62 1021.98 1020.8 1019.57 1019.08 1017.6 1016.11 1014.31 1012.45 1009.43 1006.49 1003.28 1000.42 998.74
1195.4 1192.48 1189.48 1186.34 1183.12 1179.86 1176.16 1171.99 1167.82 1163.64 1159.47 1155.29 1150.2 1145.35 1141.8 1137.78 1133.55 1129.1 1124.5 1120.12 1116.06 1112.42 1109.33 1106.49 1103.31 1100.37 1098.84 1096.98 1095.19 1093.32 1091.25 1089.18 1085.89 1082.86 1079.79 1077.12 1074.56 1072.31 1070.38 1069.08 1066.99 1061.83 1055.55 1050.86 1046.93 1043.45 1040.34 1037.45 1034.6 1031.83 1028.9 1025.96 1023.13 1021.68 1020.08 1018.82 1017.29 1015.79 1014.75 1013.65 1011.87 1010.32 1008.2 1005.33 1002.91 1000.21 998.53
1194.15 1191.16 1188.17 1185.08 1181.97 1178.3 1174.13 1169.96 1165.78 1161.61 1157.44 1153.26 1149.09 1144.92 1140.68 1136.43 1132.19 1127.94 1123.79 1119.76 1115.81 1112.36 1109.53 1106.85 1105.91 1104.78 1103.54 1102.01 1100.4 1098.87 1097.02 1094.24 1090.62 1086.34 1082.68 1079.85 1076.92 1074.14 1071.97 1070.68 1069.38 1065.43 1059.46 1053.79 1049.81 1045.82 1042.61 1039.81 1037.05 1034.28 1031.36 1028.52 1025.8 1022.9 1019.68 1017.43 1015.43 1013.97 1012.5 1011.2 1009.73 1008.18 1006.63 1004.18 1002.54 1000.0 998.45
1193.13 1189.83 1186.91 1183.83 1180.75 1176.38 1172.22 1168.06 1163.89 1159.72 1155.56 1151.4 1147.23 1143.11 1139.3 1135.06 1130.81 1126.62 1122.9 1119.4 1115.57 1112.57 1112.59 1112.58 1110.51 1108.89 1107.75 1106.57 1105.09 1103.74 1101.19 1098.06 1094.43 1089.36 1085.57 1082.58 1079.59 1075.97 1073.71 1072.27 1070.6 1066.6 1062.52 1057.09 1052.69 1048.18 1044.74 1041.88 1039.01 1036.15 1032.97 1029.74 1026.52 1023.29 1020.61 1018.44 1016.32 1014.24 1012.25 1010.23 1008.58 1006.9 1005.08 1003.46 1001.7 1000.02 998.45
1192.1 1188.75 1185.59 1182.58 1179.49 1174.64 1170.35 1166.21 1162.04 1157.88 1153.71 1149.55 1145.38 1141.37 1137.57 1133.68 1129.43 1125.37 1121.9 1118.46 1117.75 1118.33 1118.38 1117.22 1115.15 1113.08 1111.88 1110.71 1109.33 1107.29 1104.98 1101.88 1098.05 1092.78 1088.52 1085.32 1082.26 1078.48 1075.54 1073.86 1071.64 1067.45 1063.89 1059.08 1054.66 1049.56 1045.13 1042.27 1039.41 1036.55 1033.35 1030.13 1026.9 1023.83 1021.66 1019.49 1017.32 1015.2 1013.19 1010.82 1009.15 1007.95 1006.83 1005.69 1004.31 1001.93 1000.22
1191.08 1187.73 1184.38 1181.33 1178.24 1173.33 1168.34 1164.3 1160.19 1156.03 1151.86 1147.7 1143.54 1139.62 1135.82 1132.02 1128.06 1124.32 1123.16 1122.59 1121.99 1122.33 1123.35 1121.75 1119.8 1117.73 1116.03 1114.64 1112.71 1110.77 1108.61 1105.7 1101.47 1096.2 1091.47 1088.05 1084.94 1081.21 1077.37 1075.46 1072.67 1068.3 1063.89 1058.73 1055.37 1051.09 1046.08 1042.67 1039.81 1036.94 1033.74 1030.51 1027.29 1024.87 1022.7 1020.53 1018.36 1016.19 1014.12 1011.71 1009.69 1008.26 1007.11 1005.84 1004.52 1003.13 1000.99
1190.05 1186.7 1183.36 1180.02 1176.99 1172.03 1166.99 1162.29 1158.25 1154.18 1150.02 1145.85 1141.69 1137.88 1134.07 1130.27 1128.68 1128.13 1127.55 1126.98 1126.41 1125.89 1126.89 1125.19 1123.44 1121.67 1119.83 1117.94 1116.06 1114.15 1112.19 1109.53 1104.89 1099.62 1094.41 1090.78 1087.61 1083.89 1080.04 1077.05 1073.71 1069.31 1062.16 1058.81 1055.45 1052.1 1047.52 1043.06 1040.2 1037.34 1034.13 1030.9 1028.09 1025.92 1023.74 1021.57 1019.4 1017.23 1015.06 1011.89 1009.7 1008.52 1007.2 1005.88 1004.56 1003.24 1001.77
1189.33 1185.86 1182.38 1178.98 1175.74 1170.72 1165.69 1160.65 1156.24 1152.2 1148.17 1144.0 1139.93 1136.13 1134.02 1133.54 1133.07 1132.57 1131.94 1131.37 1130.8 1130.0 1130.29 1128.58 1126.78 1124.41 1122.32 1120.82 1119.32 1117.48 1115.59 1113.35 1108.31 1103.04 1097.79 1093.67 1090.28 1086.56 1082.77 1078.86 1074.14 1066.96 1062.24 1058.89 1055.53 1052.18 1048.82 1043.98 1040.6 1037.74 1034.51 1031.3 1029.13 1026.96 1024.79 1022.62 1020.41 1017.63 1014.92 1011.86 1009.88 1008.56 1007.23 1005.91 1004.6 1003.39 1002.18
1188.79 1185.31 1181.83 1178.36 1173.78 1169.15 1164.38 1159.34 1154.31 1150.19 1146.15 1142.12 1140.1 1141.71 1140.88 1138.42 1137.45 1136.97 1136.4 1135.77 1135.19 1134.43 1133.69 1132.21 1129.93 1126.86 1124.49 1122.37 1120.87 1119.37 1117.87 1116.31 1111.73 1106.46 1101.2 1096.58 1092.96 1089.23 1085.29 1078.72 1071.91 1065.1 1061.96 1058.82 1055.61 1052.25 1048.9 1045.48 1040.99 1038.12 1034.9 1032.35 1030.18 1028.01 1025.72 1022.95 1020.18 1017.41 1014.74 1011.81 1009.87 1008.61 1007.41 1006.19 1004.97 1003.74 1002.52
1188.24 1184.77 1180.71 1176.46 1171.3 1166.44 1161.91 1157.45 1152.99 1148.17 1145.0 1146.66 1148.31 1149.94 1147.81 1145.35 1142.89 1141.36 1140.86 1140.23 1139.6 1138.78 1137.5 1136.1 1133.1 1129.78 1126.95 1124.57 1122.42 1120.92 1119.42 1117.79 1113.86 1109.65 1103.86 1097.73 1094.81 1090.71 1083.59 1076.55 1069.88 1064.68 1061.54 1058.41 1055.27 1052.13 1048.97 1045.62 1041.92 1038.51 1035.56 1033.39 1031.05 1028.27 1025.5 1022.73 1019.95 1017.44 1014.57 1011.76 1010.06 1008.8 1007.55 1006.33 1005.11 1003.89 1002.66
1187.32 1183.06 1178.81 1174.3 1168.82 1163.87 1159.17 1154.67 1150.21 1150.05 1150.87 1152.57 1154.27 1155.62 1153.59 1151.91 1149.82 1147.36 1145.27 1144.69 1143.82 1142.66 1141.39 1139.6 1136.28 1132.95 1129.63 1127.03 1124.65 1122.46 1120.97 1119.26 1115.39 1109.67 1102.57 1095.71 1091.92 1087.56 1081.5 1074.61 1067.8 1064.27 1061.13 1057.99 1054.85 1051.71 1048.58 1045.44 1042.31 1038.9 1036.37 1033.59 1030.82 1028.05 1025.27 1022.5 1019.73 1017.33 1014.58 1011.91 1010.28 1009.02 1007.77 1006.51 1005.25 1004.0 1002.74
1185.41 1181.16 1176.9 1171.78 1166.35 1161.29 1156.59 1155.26 1155.34 1155.44 1155.53 1156.7 1158.4 1159.62 1157.06 1155.18 1153.48 1151.8 1150.12 1148.79 1147.66 1146.52 1145.27 1142.77 1139.45 1136.12 1132.8 1129.52 1127.12 1124.72 1122.51 1120.73 1115.14 1107.47 1101.24 1094.13 1089.03 1084.43 1078.71 1072.23 1068.24 1065.09 1061.94 1058.79 1055.64 1052.49 1049.34 1046.19 1042.83 1039.14 1036.1 1033.13 1030.45 1027.82 1025.05 1022.27 1019.5 1017.4 1014.73 1012.16 1010.46 1009.18 1007.91 1006.64 1005.37 1004.1 1002.83
1183.51 1179.25 1174.84 1169.27 1163.87 1162.49 1160.8 1160.68 1160.75 1160.82 1160.92 1161.01 1162.53 1163.63 1161.06 1158.57 1156.79 1155.05 1153.78 1152.64 1151.5 1150.35 1149.15 1145.95 1142.62 1139.3 1135.97 1132.65 1129.61 1127.2 1124.8 1121.55 1113.05 1105.44 1098.58 1092.82 1086.21 1081.45 1075.76 1071.28 1069.52 1066.37 1063.22 1060.07 1056.92 1053.77 1050.51 1046.74 1042.96 1039.29 1036.25 1033.21 1030.18 1027.19 1024.25 1021.39 1019.57 1018.06 1015.5 1012.25 1010.61 1009.33 1008.04 1006.76 1005.48 1004.19 1002.91
1181.6 1177.35 1172.33 1166.75 1173.11 1173.4 1171.71 1170.02 1168.33 1166.64 1166.32 1166.4 1166.66 1167.63 1165.07 1162.51 1160.19 1158.89 1157.73 1156.44 1155.01 1153.57 1152.09 1148.93 1145.79 1142.47 1139.14 1135.82 1132.49 1129.69 1127.28 1119.92 1110.96 1102.45 1096.04 1089.99 1084.4 1078.78 1075.68 1072.84 1070.8 1067.65 1064.5 1061.35 1058.19 1054.41 1050.64 1046.86 1043.09 1039.44 1036.4 1033.36 1030.33 1027.29 1024.25 1021.26 1019.66 1018.37 1015.71 1012.33 1010.76 1009.48 1008.21 1006.94 1005.67 1004.4 1003.13
1179.7 1175.39 1174.12 1180.45 1182.81 1181.57 1180.37 1179.17 1177.97 1176.77 1175.57 1174.17 1172.48 1171.64 1168.88 1166.0 1163.24 1160.96 1159.52 1158.08 1156.65 1155.21 1153.77 1151.32 1147.95 1144.75 1141.69 1138.64 1135.59 1132.34 1125.31 1117.05 1109.53 1100.46 1092.8 1086.99 1083.21 1080.31 1077.55 1074.48 1072.08 1068.93 1065.78 1062.09 1058.32 1054.54 1050.77 1046.99 1043.22 1039.59 1036.55 1033.51 1030.48 1027.44 1024.38 1021.25 1019.69 1018.47 1016.46 1012.5 1010.84 1009.57 1008.29 1007.07 1005.85 1004.63 1003.41
1178.34 1177.81 1180.98 1184.16 1186.39 1185.4 1184.11 1182.75 1181.55 1180.35 1179.15 1177.95 1176.76 1175.04 1172.1 1169.2 1166.22 1163.51 1161.26 1159.73 1158.29 1156.85 1155.41 1153.53 1150.46 1147.09 1143.76 1140.6 1137.5 1130.35 1119.65 1110.69 1103.17 1095.65 1091.08 1087.61 1083.85 1080.93 1078.53 1076.13 1073.36 1069.77 1065.99 1062.22 1058.44 1054.67 1050.89 1047.12 1043.34 1039.74 1036.7 1033.66 1030.61 1027.48 1024.36 1021.24 1019.66 1018.5 1016.89 1012.72 1010.97 1009.77 1008.57 1007.36 1006.16 1004.95 1003.73
1182.75 1182.73 1184.69 1187.86 1189.97 1188.98 1188.0 1186.72 1185.29 1183.93 1182.73 1181.53 1180.33 1178.42 1175.54 1172.74 1169.62 1166.49 1163.78 1161.59 1159.93 1158.49 1157.06 1155.37 1152.89 1149.6 1146.21 1141.08 1131.94 1122.95 1113.38 1104.33 1098.36 1095.01 1091.66 1088.26 1084.5 1081.54 1079.14 1076.73 1073.18 1069.96 1066.17 1062.37 1058.58 1054.8 1051.02 1047.25 1043.47 1039.89 1036.84 1033.72 1030.62 1027.52 1024.43 1021.33 1019.65 1018.53 1017.34 1013.04 1011.06 1009.86 1008.66 1007.46 1006.28 1005.09 1003.93
1188.4 1188.38 1188.39 1191.56 1193.55 1192.56 1191.58 1190.59 1189.33 1187.9 1186.47 1185.11 1183.92 1182.01 1179.04 1176.24 1172.88 1169.76 1166.76 1164.13 1161.92 1160.17 1158.7 1157.1 1150.54 1143.64 1139.47 1132.09 1123.43 1114.33 1105.63 1102.19 1098.94 1095.59 1092.24 1088.88 1085.14 1082.16 1079.63 1075.8 1072.33 1069.58 1066.41 1062.62 1058.83 1055.03 1051.24 1047.45 1043.66 1040.08 1036.92 1033.82 1030.73 1027.63 1024.54 1021.46 1019.73 1018.59 1017.49 1013.43 1011.21 1010.02 1008.83 1007.65 1006.51 1005.37 1004.23
1194.0 1194.02 1194.01 1195.26 1197.14 1196.15 1195.16 1194.17 1193.19 1191.94 1190.51 1189.08 1187.65 1186.55 1182.97 1179.75 1176.95 1173.3 1169.84 1167.03 1164.49 1162.25 1160.5 1154.87 1144.83 1137.12 1131.38 1123.79 1114.75 1109.3 1105.55 1102.08 1098.91 1095.74 1092.57 1089.39 1085.81 1082.53 1078.7 1074.89 1071.49 1068.66 1065.94 1062.86 1059.07 1055.28 1051.49 1047.77 1044.19 1040.63 1037.19 1033.95 1030.85 1027.76 1024.66 1021.66 1019.92 1018.75 1017.58 1014.03 1011.39 1010.22 1009.08 1007.94 1006.81 1005.67 1004.54
1200.77 1200.07 1199.63 1199.64 1200.72 1199.73 1198.74 1197.76 1196.77 1195.78 1194.54 1193.12 1192.31 1190.85 1187.27 1183.69 1180.45 1176.84 1173.4 1169.97 1167.3 1164.85 1159.95 1150.79 1141.42 1131.51 1124.26 1116.53 1112.85 1109.17 1105.48 1101.97 1098.8 1095.55 1091.88 1088.2 1084.7 1081.29 1077.69 1074.0 1070.65 1067.73 1065.06 1062.31 1059.25 1055.53 1051.91 1048.33 1044.76 1041.2 1037.72 1034.31 1030.99 1027.88 1024.83 1021.86 1020.1 1018.9 1017.7 1014.47 1011.65 1010.52 1009.39 1008.25 1007.12 1005.99 1004.86
1208.28 1207.27 1206.26 1205.25 1204.17 1203.35 1202.39 1201.39 1200.39 1199.39 1198.39 1197.55 1196.42 1194.54 1191.57 1187.99 1184.41 1181.16 1176.96 1173.48 1170.24 1162.66 1153.08 1143.71 1134.86 1126.0 1119.5 1115.89 1112.31 1108.72 1105.14 1101.56 1097.89 1094.21 1090.54 1086.87 1083.16 1079.7 1076.11 1072.64 1069.38 1066.58 1063.8 1060.61 1057.68 1054.55 1050.97 1047.57 1044.22 1040.64 1037.28 1033.78 1030.43 1028.13 1025.06 1022.08 1020.32 1019.09 1017.85 1015.15 1011.92 1010.79 1009.66 1008.53 1007.4 1006.27 1005.09
1211.7 1210.69 1209.69 1208.68 1207.59 1206.37 1205.66 1204.9 1203.99 1203.08 1201.75 1199.84 1198.08 1196.32 1193.99 1191.2 1188.37 1185.12 1179.35 1172.98 1164.31 1155.38 1146.04 1136.64 1127.79 1122.74 1118.34 1114.18 1110.59 1107.01 1103.43 1100.22 1096.55 1092.88 1089.21 1085.54 1081.62 1078.11 1074.54 1071.12 1067.93 1064.69 1061.38 1058.23 1055.34 1052.57 1049.0 1046.07 1042.92 1039.34 1036.29 1032.82 1030.14 1027.88 1025.32 1022.3 1020.57 1019.4 1018.19 1015.76 1012.29 1011.07 1009.94 1008.76 1007.54 1006.32 1005.1
1215.12 1214.12 1213.11 1212.1 1211.0 1209.79 1208.58 1207.69 1207.11 1206.38 1204.32 1202.15 1199.94 1197.99 1196.14 1193.44 1187.83 1178.48 1171.13 1165.19 1156.89 1147.77 1138.66 1130.16 1125.89 1121.62 1117.18 1112.46 1108.88 1105.3 1101.42 1098.5 1095.29 1091.55 1087.88 1084.2 1080.19 1076.55 1072.97 1069.55 1065.66 1062.27 1058.95 1055.85 1053.0 1050.6 1047.03 1044.55 1041.52 1038.04 1035.29 1032.1 1029.94 1027.63 1025.21 1022.53 1020.81 1019.64 1018.48 1016.23 1012.93 1011.29 1010.08 1008.88 1007.67 1006.46 1005.26
1218.55 1217.54 1216.53 1215.52 1214.42 1213.21 1211.99 1210.78 1209.7 1208.75 1206.81 1204.74 1202.54 1200.34 1198.14 1190.29 1180.29 1170.92 1162.92 1157.03 1149.47 1140.35 1133.32 1129.1 1124.78 1120.5 1116.02 1111.22 1107.17 1103.58 1099.48 1096.74 1094.04 1090.24 1086.54 1082.87 1078.84 1075.04 1071.4 1067.66 1063.64 1059.85 1056.53 1053.51 1050.82 1048.63 1045.35 1043.02 1040.03 1036.73 1034.12 1031.46 1029.74 1027.37 1024.95 1022.53 1021.09 1019.97 1018.84 1016.74 1013.59 1011.57 1010.36 1009.16 1007.95 1006.74 1005.4
1222.28 1221.06 1219.95 1218.94 1217.83 1216.62 1215.41 1214.05 1212.32 1210.89 1209.27 1207.21 1205.14 1202.92 1192.8 1182.68 1172.71 1163.5 1155.05 1148.87 1142.05 1136.48 1132.25 1128.02 1123.72 1119.39 1114.86 1110.06 1105.45 1101.64 1097.65 1094.99 1092.53 1089.08 1085.21 1081.53 1077.49 1073.54 1069.76 1065.69 1061.63 1057.82 1054.12 1051.19 1048.69 1046.5 1043.86 1041.5 1038.55 1035.39 1033.26 1031.26 1029.54 1027.12 1024.97 1022.74 1021.36 1020.25 1019.12 1017.35 1014.26 1011.85 1010.65 1009.43 1008.1 1006.76 1005.42
1226.09 1224.87 1223.66 1222.44 1221.06 1219.34 1217.6 1215.86 1214.27 1213.15 1211.53 1209.74 1205.07 1195.29 1185.18 1175.06 1164.97 1155.34 1148.99 1145.34 1141.29 1136.82 1132.14 1127.36 1122.68 1118.31 1113.69 1108.9 1104.12 1099.68 1095.9 1093.24 1090.84 1087.84 1084.03 1080.2 1076.14 1072.86 1070.01 1066.81 1063.37 1059.85 1055.81 1052.62 1049.48 1046.27 1043.32 1040.61 1038.46 1036.84 1034.68 1032.26 1029.73 1027.45 1025.31 1022.87 1021.56 1020.42 1019.29 1017.72 1014.78 1012.12 1010.79 1009.46 1008.12 1006.79 1005.46
